ACC : 0.908034, BAL_ACC : 0.838001
confusion = [
[2038, 7, 4, 0, 0, 4, 2, 3, 10, 12, 0, 8, 40, 6, 4, 0, 2, 1, 0, 0, 2],
[8, 167, 0, 0, 0, 0, 2, 0, 2, 4, 1, 4, 18, 1, 0, 0, 0, 0, 0, 0, 0],
[5, 0, 8, 0, 0, 0, 0, 0, 0, 0, 0, 2, 0, 0, 0, 0, 0, 0, 0, 0, 0],
[0, 0, 0, 37, 0, 0, 0, 0, 0, 0, 0, 0, 1, 0, 1, 0, 0, 0, 0, 0, 0],
[0, 0, 0, 0, 60, 0, 0, 0, 7, 0, 0, 0, 5, 0, 0, 0, 0, 0, 0, 0, 0],
[4, 0, 0, 0, 0, 197, 1, 0, 2, 4, 0, 0, 8, 0, 0, 0, 0, 0, 0, 0, 0],
[9, 1, 0, 0, 0, 0, 405, 0, 18, 4, 1, 1, 32, 3, 0, 0, 8, 0, 0, 0, 1],
[3, 0, 0, 1, 4, 0, 0, 72, 17, 3, 0, 0, 8, 1, 0, 0, 0, 0, 0, 0, 0],
[25, 5, 1, 0, 9, 1, 55, 18, 1429, 7, 36, 5, 59, 15, 24, 0, 6, 0, 0, 0, 0],
[14, 0, 0, 0, 0, 0, 1, 0, 7, 617, 1, 0, 18, 0, 0, 0, 0, 0, 0, 0, 0],
[5, 0, 0, 0, 0, 0, 3, 0, 13, 0, 141, 1, 8, 0, 0, 0, 0, 1, 0, 0, 0],
[10, 0, 0, 0, 0, 0, 1, 1, 2, 1, 0, 70, 11, 0, 1, 0, 4, 0, 0, 0, 0],
[35, 14, 0, 7, 1, 1, 1, 4, 15, 24, 5, 3, 2464, 2, 3, 0, 12, 0, 0, 0, 1],
[1, 3, 0, 0, 0, 0, 12, 1, 6, 0, 0, 0, 4, 540, 0, 0, 1, 8, 0, 0, 0],
[0, 3, 0, 0, 0, 0, 2, 0, 19, 0, 0, 3, 15, 0, 424, 0, 3, 0, 0, 0, 0],
[0, 0, 0, 0, 0, 0, 0, 0, 1, 0, 0, 0, 0, 0, 0, 5, 0, 0, 0, 0, 0],
[7, 0, 0, 0, 0, 0, 1, 3, 5, 1, 0, 4, 10, 0, 2, 0, 1651, 0, 0, 0, 1],
[3, 0, 0, 0, 0, 0, 8, 0, 51, 2, 0, 0, 17, 6, 3, 0, 3, 2955, 0, 20, 0],
[1, 0, 0, 0, 0, 0, 0, 0, 0, 0, 0, 0, 0, 0, 0, 0, 0, 0, 0, 0, 0],
[0, 0, 0, 0, 0, 0, 0, 0, 0, 0, 0, 0, 0, 0, 0, 0, 1, 0, 0, 3, 0],
[3, 0, 0, 0, 0, 0, 0, 0, 4, 0, 0, 4, 0, 0, 0, 0, 6, 0, 0, 0, 63],
]
